41241478567057924 21.076164 0.0 1  
41231990984303892 21.158354 0.895 2
42309898926575544 21.194899 0.0 3
41231990984302901 21.274555 0.839 6
41231853545355216 21.28962 0.0 5
41231978099407340 21.348116 0.0 4
42310032070572851 21.348381 0.0 1
41231853545358237 21.394388 1.069 6
42300690516701683 21.421343 0.0 4
41241341128104761 21.436539 0.0 1
41241336833140843 21.44697 0.0 1
41231840660449496 21.55877 0.678 6
42310036365530869 21.574339 0.0 5
41231840660448723 21.578222 0.886 6
42310036365511583 21.617662 0.0 1
41231973804443017 21.62873 0.735 6
41231849250367407 21.638565 0.0 3
41232115538359558 21.648289 0.0 3
41231982394372180 21.655811 0.887 6
41231836365485374 21.676872 0.0 3
42310036365535081 21.68436 0.0 3
42300690516697532 21.71611 1.133 6
42300694811663514 21.72309 0.531 6
42300690516704920 21.727854 0.685 6
42300557372713608 21.729706 0.0 3
41231857840318677 21.731646 0.0 3
41231849250389934 21.734785 0.0 4
41231840660448490 21.735048 0.0 3
42300690516703743 21.749056 0.728 6
41231982394369371 21.761837 0.759 6
42300690516694858 21.766806 0.709 6
41241341128102415 21.793625 0.0 1
41231995279266055 21.79718 0.0 4
41231836365484752 21.821135 1.265 6
41231853545355348 21.841087 0.286 6
42300690516681020 21.851694 0.581 6
42310032070549479 21.853743 0.0 1
41231840660452750 21.886354 0.375 6
42300694811662757 21.894209 0.0 3
41231853545355015 21.897497 0.0 4
41231995279267329 21.911482 0.0 4
42310036365510351 21.917833 0.0 1
41231853545357785 21.922228 0.0 4
41231840660450202 21.924322 0.948 6
41231840660448660 21.930199 0.955 6
41231978099405444 21.935867 0.0 3
42300553077749688 21.939238 0.831 6
42300557372710970 21.943739 0.0 4
42300694811664330 21.945286 0.728 6
41241203689147684 21.95666 0.0 4
42310032070546510 21.96041 0.0 3
41231853545357700 21.962849 0.239 6
41231836365484708 21.985392 0.695 6
41231990984303415 21.986025 0.0 4
41231973804441815 21.992807 1.135 6
41241341128082795 21.993504 0.0 1
42310036365530822 21.998434 0.0 1
41231978099401625 21.998528 0.0 4
42310036365532818 22.006535 1.121 6
42300690516705915 22.008276 1.061 6
41231990984303395 22.01072 0.0 4
41231978099409651 22.017393 0.949 6
41241341128102665 22.020222 0.0 1
42309894631613900 22.020329 0.0 1
42309894631615981 22.02059 0.0 3
41231978099408082 22.027122 0.0 4
42300694811663480 22.040018 0.997 2
42309898926576091 22.054674 0.0 1
41231978099408397 22.056887 0.751 2
41231836365486802 22.077347 0.811 6
41231849250384293 22.107088 0.0 4
41231836365464984 22.109379 1.256 6
42300690516705354 22.116938 0.0 4
42300553077746405 22.11838 0.755 6
41231986689345519 22.12835 0.0 4
42300694811661802 22.129341 0.0 4
42300694811663942 22.133244 0.638 6
41231973804440560 22.134253 0.0 3
41241341128101617 22.14754 0.0 1
42300553077747428 22.167639 1.187 6
41231853545355439 22.213726 0.808 2
41231853545349406 22.234406 0.896 2
42310036365532076 22.241657 0.0 3
42300553077727528 22.251335 0.0 3
41231840660455956 22.26306 1.451 6
41231978099406002 22.282797 0.714 2
41231986689346339 22.29126 0.0 3
41231849250389227 22.312996 0.0 3
42309894631613514 22.325945 0.0 3
41231978099404214 22.330542 1.268 6
41231973804445787 22.33138 0.0 3
41231982394373236 22.334295 1.811 6
41231849250385836 22.346365 0.0 3
41231986689345092 22.351862 0.457 6
41231986689343990 22.355566 0.938 6
42310032070573623 22.358368 0.0 3
41231853545357254 22.367079 0.0 4
42309898926575946 22.392265 0.0 1
42300694811640590 22.40151 0.0 4
42310036365532639 22.409025 0.0 1
42300553077748477 22.412868 0.0 1
41231853545354881 22.420546 0.0 4
42300690516705676 22.43061 0.637 6
42300553077748930 22.43455 0.0 3
41231982394370691 22.442001 0.0 4
42310036365531342 22.449339 0.0 1
41231990984308998 22.471058 0.0 4
41231978099409375 22.4756 0.561 6
42300553077751029 22.534416 0.392 6
42300690516701991 22.59552 0.0 3
41231978099384584 22.595997 0.981 6
42300690516702843 22.597607 0.632 6
41231853545355957 22.614626 0.0 3
41231853545358246 22.618338 0.0 4
41231849250368028 22.619802 0.0 4
41231978099406806 22.624292 0.0 4
41231982394369044 22.680445 1.287 2
41231853545354626 22.728825 0.0 3
42300694811664156 22.74259 1.029 6
42310032070572414 22.782948 0.0 1
42300553077751971 22.79715 0.0 3
41231978099402920 22.852768 0.0 3
42300557372714756 22.92916 1.015 6
41231857840319898 22.934937 0.0 4
41231978099409578 22.955523 0.0 3
42300553077748334 22.967634 0.941 6
41231990984302469 22.977707 0.376 6
42310036365534796 22.985031 0.0 1
41241478567055796 23.006575 0.0 1
42300690516701887 23.123674 0.0 4
41231849250386577 23.152111 0.0 3
41231995279266159 23.25171 0.0 4
41231840660451786 23.384695 1.166 2
41231990984303074 21.545486 0.674 6
42300690516701462 21.339422 0.711 6
42300694811640272 21.70795 0.909 6